-1oo-

Frank, 01111119 53 95 131. 410 413 418 411
11111111,Ι)11111111163.199

1111111111,1ο111151

(1111111111111, 11. 43 58. 147 169.
(1111111111, 11111111 313. 393.
(1111111111111111 110 .
Η111111,111111 111.Ι
Η11111111, Alexander 351 365. 376 565
1111111111111,Μ11111140.316
Η11111111111, 11. 81111 9.
Η11111111,Η1119 56. 57.

1111911111, Graves 0511111948. 413 1198
11111111, Franz 536

11111118111111111140. 194. 315. 331 591

11111,11 Κ111 (1111111Α1511131. 58 61. 63. 65. 66. 176. 153.

178. 331. 370·
,Η111111111,Α11111116. 117 180 533.

11111511111,71’11111111111131. 183 194173 1731101·
11111111, H. 117. 511. ΜΨ
Johnson, Francis 130 948 358. 591.

11111, JJiJliom 69. 151 1.81-184 194 316--314 361. 418.

436—438 ...ae-
1111111111, 1. H 449

11111111111111111141387
1111191111,11111161111111111111119. 10 154 159. 183. 349.
1111111, 1111111111 41 49 5870 75g· 101 180 147
11111111. 194. 361. 565. ·

[1111111161. 183 101 111. 301 389 430
111]1111111,1.Ι1.81. 191 ’

¹ Losson, Christian 10 41 51. 58 66. 74. 75. 109. 118. 151.
180. 181. 185. 195. 109. 151. 180. 335. 347. 351378 8.

1· 384. 385. 411. 511. 534.

Leno, 11111111 318. 319. 540. 570. .“
1111111853.

1111111111111111111111111,11111111119311 439..
Majewsky, Valentio Skoroskod 8111. 11.
’11111111111111111107 108

1111111111. 19. 69. 176.

Μ111, W. H. 118. ooo-551.

Milmon, Henry Hort 161.

11111111, Max 345. 358. 363.

Fuit, 1. 551. 113. .

Ν1111111111, G. Η. F. 33. 34.

11111. 58. 70169196. 577.

1
J
J
J
J
1
1
J
J
J

 

