''28⁵-

1155555405.
565555155551555555 400. 401. (403) 404.
5555555155 330-343. 501.
Kramadicvara 385.
0553505155 404.
055555 514.
0515155 416.
1155555505 413.
0555555 108-300.
05555305555505 101. 403.
G'aura 155. 171.
053555οῑ55 178. 600.
G'aganmithatarkapan'c‘finana 500. 501.
G'ayadeva 170-184.
G'ayamangala 110.
0550555555 400. 401.
055555 ’5 143.
ιο555 448.
055015 300.
0555055551555 346.
0555511555 308. ·
0555505555505 401. 406. 407.
Nanda 405. 406.
0115555155 131. 155.
Paracata 440.
Ρ55151 377. 378.
Pingala 330.
Ρ5555505555 305.
Pushpadanta 100.
155550555551555138. 130.
, Prfig'yabhatta 143.
³ Badarfiyana 410.
35055 414.
Brahmagupta 507.
35501110.
Bhattogidixita 370.
35555155511155 110.
Β5551515551154-163, 350. 580.
3555555611 334-336.
3565551131.
05455555 505-511.
05055500555551555 346.
Μ555 417-441,
1155555515 405.

 

