51511551 514.
5151555155 003. 007. 031. 034584.
5155105555 80. 570.
Maheqvaranyayfilankfira 339. ,
Magha 034.
Μ5055ν5 73.
Yama 450.
Yavaneqvara 534.
ng'navalkya 451. 459. 460.
Raghunandana 405-489.
naghavfinanda 430. 433.
0555505555115155 401. 400.
1355550555 340.
Ι [1155115450.
1155555515551555 499.
9555055555 381.
05555551 384.
Vaeimadevav 504.
5751551151 107 sqq.
Vig'n'finfic'aeirya 411.
Vig'n'fineqvara 459-400.
915515550505 337.
0155555155 405.
01555551551551551555555 414.
9155555155555000555 415-410.
Vishnu 453.
0155555555555 350.
0155551555 453.
Vrihaspati 454.
Vopadeva (005) 380. 383. 397. 398. 594.
Vyfisa 109 sqq. 455.
55515555 80. 84-90. 95. 087. (094) 409. 419. 400. 599.
55515155 455.
5555555505 374.
115555 098.
0055555555 307.
ekharfic'aryag'yotiriqvara 347.
005555550ιηί5 184. 005. 000.
05155555550115 043.
051555555 037. 338.
8555555515 457.
8505555505 401. 400.
8555551 0505555155 515.
5555555 73. 577.

 

