-183-1

053551550155 490.
7505515555515555 (73) 577.

Vaigayanti 574.
Vaivasvatopdkhyfina 167. 168.
. Vyavasthfiratnamfilfi 498.
7γ5ν51555515ιῑν5 465. 478. 489.
7551515055 465. 476.
8565515155515155555 136-140.
abdakalpadruma 540.
0566515155156155 394.
35565516651515556155 598.
5515515555555555 419.

. 5555556655ῐί 559.

{ariravidyfi 539.

5155151555 5551515555 310-396.
0556555555 998.
05565515515155 54. 998.
leagrfimnslotra 583. 599.
Qiqupdlabadha 934-936.
6515555515ῐί 367.

Τ 0566505055 465.

0516551550555165555515055 465. 486.
0065555115555515055 486.
Cringfiratilaka 947. 969.
6550615515055 465. 468.
051555551550555515055 465. 483.
6551565655 401. 409.

i 8555155515055 465. 473.

8555155055515 374. 579. 593.

3 855515505551555551555511595.

8551ιί15 443-458.
5556515555 385.

ἢ 856551555515 515. ,
1 85515550 915. 918.

8556555555 153.

³ Sarvankashfi 934.

8555555555 5555151556 100.
8551515γ515551155 409. 419. 413.
85551515γ5ρ55ν50555 411.
8555355656515553515055 489.
8555555565 78. 79. 84-86. 95.
Szivitryopdkhyfina 174-178,
Sdhilyadarpana 405.
8155555556551515556 368.

 

